always-spawn-in-village: true
ilex-shrine-spawn-rate: 0.01
ice-shrine-spawn-rates: 0.33330000936985016
waypoint-spawn-rate: 0.333000011742115
